584268883665
584163007208
584161065569
584162907820
584163572216
584165504967
584162571797
584168299891
584260302107
584262301718
584162584065
584261775826
584162571761
584263828046
584260477904
584266687534
584268883622
584164104755
584266046238
584166381965
584267687226
584265906334
584267624247
584161955430
584269461339
584268054707
584263161920
584169065486
584164026500
584267624225
584266707738
584166815637
584263710039
584261073351
584163198730
584269176580
584163753291
584268827174
584265034221
584262301707
584164099423
584163921148
584162180942
584260764020
584261268654
584264712129
584166162797
584264590114
584163706588
584263795123
584166776483
584260478098
584161968942
584161156675
584162705185
584265853787
584263758164
584263235506
584169436468
584162006993
584167610210
584263235585
584165163467
584161212337
584168643064
584267606873
584260290011
584268240235
584264829945
584264712174
584164605390
584264521843
584166744584
584264293944
584161065525
584260452494
584265432204
584169309592
584161026857
584266201165
584261708465
584164320210
584267644604
584166288701
584160057474
584263161931
584160247732
584164106269
584162494012
584166894009
584165504935
584260827418
584267864416
584264005183
584260478084
584266665830
584268702128
584260667321
584161901661
584161955448
584266509225
584265100645
584262085896
584163139329
584263235545
584166747292
584161810116
584167794495
584160517500
584263801860
584161958496
584263795168
584167902484
584166215691
584168299830
584267892632
584166894089
584269782116
584261305930
584162269363
584269203957
584266663609
584163706579
584167125324
584165008816
584265778328
584162510195
584269805333
584268864650
584267973887
584267624261
584263235577
584267288314
584161551826
584262624673
584269796629
584265502574
584260827456
584165719400
584269908236
584264829981
584169618953
584163007289
584160176783
584266707797
584168598498
584265436018
584165504932
584161530400
584267912072
584260426626
584261739620
584268864684
584264002296
584260301787
584163921113
584262032495
584269174218
584260434629
584260478061
584168609605
584260684907
584266201134
584161335599
584167610233
584160088589
584267574409
584266064640
584263795306
584167610250
584160517515
584265803397
584263801891
584267706086
584166288789
584161335566
584267288350
584261006431
584269434752
584161122391
584269174281
584163434858
584262362273
584264665726
584266715879
584160247799
584168873623
584163992438
584264005186
584269806628
584168198408
584268673040
584260297202
584167149581
584165621564
584262211703
584266509298
584167249950
584261305981
584260550911
584260523362
584165505039
584163365232
584267629653
584262189107
584162914059
584269782121
584260667386
584260426672
584268065585
584166044802
584166015493
584260452429
584267404608
584163205373
584266102789
584165100908
584263001940
584163605525
584164501290
584268528715
584168198426
584265780202
584161955443
584161955465
584165051462
584267213913
584164106276
584265772800
584162575884
584266312395
584264308678
584168604328
584266312379
584162843236
584266532190
584269189113
584166894041
584264293990
584269189175
584167173437
584267624290
584264521884
584268305506
584164605308
584166211766
584267803181
584265716355
584161570200
584160176781
584167206901
584262308049
584160606743
584168812912
584265772810
584269403069
584261708482
584160593364
584165166940
584261073319
584264002228
584269706605
584161502920
584262032450
584164104705
584169109135
584261775808
584262200628
584166915371
584166744570
584168390763
584166096981
584266647985
584267687289
584169209402
584266532115
584267864469
584169703207
584169407183
584168190948
584264308665
584166162225
584160057434
584165008825
584163921187
584165839982
584262153619
584163575591
584163605532
584163365240
584264528675
584164704393
584269109394
584269183372
584167173441
584166015457
584162546875
584261810734
584162510104
584269521883
584269752025
584263116861
584167478864
584166340796
584269127480
584269806688
584162546849
584167789265
584164160906
584263102547
584266102716
584261775894
584264521894
584262587227
584161551807
584265853775
584166215690
584260684955
584265716337
584267912036
584260278948
584267803168
584161683967
584268899092
584166503957
584167507535
584166288785
584166776445
584161530460
584263710074
584266707750
584169703278
584262092372
584269176501
584260103999
584164301974
584163954364
584167960823
584165719489
584262153602
584167781767
584167503527
584263102593
584266436076
584265772811
584263795313
584163503070
584269495003
584269870395
584262060165
584164160972
584166021631
584263985717
584168782772
584165163447
584265627371
584166211759
584265716368
584266715818
584261874321
584268883675
584266312362
584167610278
584267687282
584260603631
584269786464
584164889670
584267901058
584165677569
584265627393
584262505954
584169436440
584260477914
584162575898
584269495099
584267901087
584160833763
584167470131
584163583009
584263102568
584265198059
584263884652
584261882842
584165802201
584263437429
584161335515
584163741277
584261305908
584169436494
584265457967
584269450965
584164144270
584167470116
584266188770
584262393647
584265906396
584168544087
584161958484
584162867372
584162389955
584163205393
584268065537
584265432243
584269461345
584268883629
584166162798
584169807311
584162180900
584266532181
584166021684
584262085880
584167206967
584161955480
584260452403
584163753244
584264728481
584263504533
584263001903
584267706054
584264293954
584163871093
584262200626
584161901610
584164099483
584161335588
584266663638
584260103988
584264208383
584163515743
584168782752
584161886859
584261305977
584267892681
584260452442
584265497266
584264712183
584162006903
584266436056
584265772814
584163205332
584167846596
584263075968
584260667388
584262348913
584162164446
584162140791
584263828033
584169436435
584166894022
584262301271
584160302295
584163741257
584263072291
584160247712
584269134021
584266436006
584162843256
584168880697
584260684901
584260672959
584160606755
584166073804
584166329675
584168299838
584263001964
584263795117
584261861820
584261268686
584162914003
584263884677
584267695831
584164108346
584269727220
584164949974
584167960860
584166747270
584268899096
584262614937
584269800597
584160207284
584164586345
584269734231
584166238115
584165917379
584163921128
584266046298
584266372965
584266046283
584164099482
584260628898
584163992484
584269315440
584261013556
584166288750
584162966357
584264712132
584169610323
584167502282
584269203916
584269257746
584162806571
584168782758
584262032464
584262792256
584166306929
584262189163
584163741262
584167902496
584269727238
584269727285
584265803310
584263782024
584265958628
584264665725
584268883634
584265596311
584166238165
584162907875
584265772869
584169436422
584269257780
584268899008
584167183803
584169404620
584164359061
584166242263
584168198479
584262393637
584163954395
584260278957
584169105251
584265760703
584268883606
584161277348
584169807314
584262102117
584266715809
584166211761
584265198031
584167249977
584260302166
584265780234
584263828077
584269908291
584264870418
584265596394
584261883771
584268528723
584260301793
584261810795
584163538623
584162867375
584162510136
584169308512
584166329628
584162914009
584263344622
584167470148
584269509635
584165719492
584264293962
584160606742
584264508309
584266046219
584267820924
584260103961
584168544079
584162756707
584266644286
584269805335
584263782018
584260684933
584269908296
584169032653
584263795105
584264208348
584260478058
584268054796
584260119502
584266663602
584264590198
584266488483
584269134075
584269800563
584266663626
584162756704
584161968998
584162494044
584262473082
584265502573
584265627339
584160302226
584269174203
584163205399
584261013544
584165331267
584160409273
584269257710
584168880680
584264528664
584268504536
584269461312
584267687277
584264516844
584164889655
584262964494
584262764577
584160176791
584260478004
584166162255
584262348915
584167846530
584166288796
584264516810
584167610200
584163992454
584167475145
584260478040
584269315436
584264293948
584269445868
584162588717
584260672983
584160810166
584166915329
584163515706
584266436094
584168604339
584162389928
584263795147
584166433605
584168604318
584269134006
584166215644
584166302430
584260290019
584266178992
584168390773
584266647949
584169209411
584265716332
584264665739
584262200530
584168873618
584262308020
584166242227
584267606858
584168390712
584268309027
584161570266
584265006854
584166747203
584267803144
584265627310
584263075936
584160437617
584260103908
584268827185
584260278932
584263344663
584268601111
584167107290
584261007916
584167902456
584169618934
584268673089
584163954343
584262587224
584261775851
584265596350
584169109116
584161335558
584261268694
584266188739
584260302184
584268604681
584262301758
584268604652
584261305572
584169105249
584167111238
584264651854
584161026889
584261013568
584263319034
584269800502
584261007990
584262473019
584163726206
584167141653
584166776485
584167902429
584269529914
584261305526
584262587281
584268309017
584260302120
584169672231
584164752923
584260271131
584265005213
584264451788
584260764031
584164889631
584162997065
584262153625
584164605351
584260282050
584260523370
584162494039
584164359030
584167107218
584262505987
584260603634
584167470119
584261708493
584264651808
584268700559
584264528647
584269727233
584163198744
584260426634
584266003479
584264853694
584260204918
584264651869
584163198761
584163706506
584261708480
584268299167
584163753285
584164704352
584163139305
584266003407
584164889690
584263075953
584166744598
584263782064
584260452455
584262587253
584262189194
584260278945
584265457914
584266663616
584263075975
584166915313
584268793526
584167902403
584166302445
584164889657
584165163445
584269796650
584266644282
584260278965
584266064641
584269495052
584166015415
584165163411
584165331284
584162575820
584161570277
584163503065
584162164497
584160088559
584261819515
584161570242
584266707767
584164402217
584260301732
584161901612
584162867385
584260603659
584164681629
584161810167
584263884649
584262362255
584265991852
584262473089
584166381990
584264665794
584260672902
584162939219
584169032601
584264712173
584269134076
584160239243
584264516889
584163139349
584260204972
584269151981
584162494091
584167183836
584262587251
584267404674
584268054766
584261846672
584168604301
584262393689
584164605366
584267973868
584164160979
584162571747
584169807379
584166302410
584161049297
584163538634
584165719475
584264005151
584166915383
584165488512
584269434725
584266647903
584269203952
584161212356
584266647937
584161335575
584162709014
584269187546
584166288784
584264451711
584162510145
584163205341
584162939245
584267803176
584166729800
584160437600
584163575533
584165505072
584162766660
584168544007
584266785122
584165621515
584267901025
584263075906
584167902491
584263782025
584261861870
584162709047
584260271179
584262349966
584260603668
584165802247
584166350148
584163205315
584268604624
584168052485
584261791043
584268054745
584164099466
584161122392
584162494036
584164681631
584267820958
584267713531
584261846665
584165176399
584167960800
584163871047
584264312368
584268793573
584166915314
584268054722
584262189165
584161156695
584161605724
584264521841
584269752046
584166509426
584269315433
584263504527
584262587297
584269752019
584165504927
584268604602
584262473025
584266707741
584164160997
584161810111
584269529967
584262200682
584262764525
584265958617
584162269386
584162006969
584262308026
584160517557
584261268660
584267706081
584267213915
584162575876
584267687231
584163434899
584163741213
584162756776
584268528701
584169309536
584263116878
584165366013
584164144237
584267687202
584162035688
584269109381
584264124105
584269257796
584169807300
584161156617
584262301725
584265991860
584162709066
584265760742
584262587291
584265497205
584164301918
584263710020
584266532118
584163087025
584262200699
584161559613
584162997067
584169404678
584168052421
584263985763
584260204985
584268883685
584269806655
584268702148
584166509451
584167502283
584268864695
584167789214
584166776450
584168812997
584269434737
584163515753
584161277353
584262032424
584261007940
584160239230
584166915377
584161049270
584260301748
584260302156
584169672223
584267803189
584260220141
584167475130
584162843512
584262349905
584160593356
584265760767
584261102440
584268798582
584164144295
584162997086
584262349833
584161570223
584269401656
584168767602
584164809149
584165888397
584160302224
584164320267
584166906650
584269805343
584265778313
584169618923
584167846501
584165917319
584166013938
584166747244
584162588703
584266509299
584267629635
584262349878
584265497248
584169672291
584260271112
584264528661
584161901663
584268956303
584260103964
584262308079
584162510164
584268899019
584261874394
584162997076
584168746906
584262964401
584161156668
584265803377
584166096978
584266436066
584160402939
584165917328
584167789268
584168873699
584162705188
584269194637
584260103956
584260278929
584263107610
584268827171
584165163473
584165169969
584166503925
584164144227
584165839913
584262102187
584261073320
584264208371
584169436484
584264208826
584260278952
584161955477
584162510131
584265497211
584265760726
584264516847
584266003488
584166503905
584261305985
584164889644
584269194684
584265778333
584169436477
584265432216
584260452448
584163829153
584269450986
584166004635
584266663696
584263828050
584267626404
584166302429
584166013970
584267574401
584163007269
584265627352
584169209492
584265497295
584162287825
584167502265
584260764048
584260103917
584168782796
584265502543
584268899035
584266509209
584263102502
584165839952
584263782052
584265627326
584164099424
584263795194
584161570216
584166306950
584269113043
584267801553
584168052464
584264521887
584160409299
584165176388
584262964471
584269908228
584269445862
584260523302
584264002212
584269401693
584162843507
584168604392
584262060159
584264728400
584266715855
584166004604
584267820905
584168299802
584167902405
584160850853
584161530419
584168873603
584262301787
584269257711
584167107278
584260603680
584262349931
584162705113
584267261636
584161551883
584164605322
584169617926
584261007956
584263825870
584262614959
584162571773
584162269346
584162972957
584262349853
584166460345
584265772887
584263075912
584268528727
584165366050
584264005181
584160402913
584266201160
584269752059
584162287877
584165051473
584267606850
584169617994
584265625309
584166004648
584163515761
584160402998
584262473003
584169109176
584166211773
584169807322
584267864491
584262348906
584166015478
584161122348
584166350116
584269356658
584165488519
584264208352
584166729872
584262764504
584269403037
584167141638
584162914077
584264508393
584269113041
584163139327
584162006917
584160088509
584262200528
584269752091
584266178947
584160302251
584261013563
584265497286
584169209476
584163207606
584261810707
584161502994
584161955435
584160606730
584266665900
584162529884
584163139303
584266711586
584161049259
584162035660
584266102745
584266003417
584261776886
584164681601
584162140797
584169703286
584160981421
584268240203
584261883799
584262301261
584167789220
584161968966
584167502243
584269495036
584166815690
584166307436
584162867394
584162529867
584264208325
584268009443
584162997004
584262624653
584268956335
584264521888
584166242228
584162966388
584167846562
584260550922
584267695841
584269174283
584265958657
584163575513
584268092677
584166815615
584161530413
584166044828
584269151930
584265497206
584161958401
584168812955
584166221218
584264829974
584267404675
584264208378
584160850825
584163829146
584169610347
584169309519
584163198718
584163726250
584264312371
584268864667
584166340791
584265502561
584266003480
584261810753
584161212313
584266755665
584167206954
584169617900
584262200677
584161810131
584161212366
584169308559
584167502230
584162966380
584268299163
584260523393
584160239213
584160606752
584164586317
584264308657
584161886835
584260672980
584161049212
584267687206
584265198093
584166221281
584164160910
584264870409
584263001925
584260523334
584269782156
584265772881
584261882828
584169634639
584261819501
584269752084
584163575526
584269706622
584165488542
584263758156
584265778339
584269796619
584269109311
584269176561
584260603604
584267695840
584261883738
584269529945
584263884694
584268299122
584263774939
584160437683
584167111247
584266046228
584268827169
584260550966
584168153219
584163515797
584265958672
584169032657
584169065409
584269176529
584261861847
584267261658
584160176773
584169807335
584165169953
584262060126
584265716340
584161156654
584163503031
584161156632
584162006982
584164106256
584160606758
584262200522
584269461307
584263985704
584164391296
584169102333
584262032467
584164301994
584163503093
584168880655
584269908225
584261102476
584162843277
584269445805
584163829194
584264508301
584260420367
584168190981
584162972975
584266665878
584169404661
584161335535
584264121001
584260672982
584263344684
584267713542
584164681670
584162035637
584267820982
584269113014
584168746978
584168198499
584265436057
584166747282
584163538637
584169618965
584263774922
584268601187
584166340777
584162914023
584161551890
584166340710
584166215642
584160927929
584268700589
584261268638
584260820335
584169407107
584269509639
584162806549
584262787646
584165008833
584265005270
584166215622
584263884665
584266771179
584165176397
584164026523
584166096971
584167502253
584166288728
584161156625
584263504595
584162843558
584160927969
584269315459
584161605712
584162756706
584163434843
584265596395
584169617976
584163538659
584165331296
584261007959
584165331254
584266201142
584269529956
584160810165
584168153222
584267261643
584166509448
584262787638
584169308567
584269870325
584268604617
584269529961
584166162235
584166211768
584165839907
584269401632
584162939246
584167610248
584267864450
584169309514
584161886890
584160608301
584261006424
584168052478
584269134079
584269529974
584261739627
584261007985
584266755693
584164108352
584166004675
584266663635
584269401687
584165802265
584166307434
584165802294
584168544076
584266436010
584165169923
584160301159
584166044882
584263758113
584169672248
584161212373
584267288311
584163434812
584166350129
584261775833
584264870468
584168812999
584167507513
584269908263
584269461326
584266755695
584266046226
584162584029
584161683924
584263801837
584160810132
584266647970
584260820364
584269189106
584263774960
584262085898
584165169974
584168604369
584265853753
584261775813
584168643053
584261739679
584165488592
584162006941
584268092632
584163921120
584266687573
584165488533
584160517556
584162972994
584262032468
584263319099
584266755679
584265778351
584260478082
584160437672
584161559656
584167183842
584269529977
584267606814
584269908295
584265991877
584160810111
584168299813
584266102706
584266372992
584269108687
584167111273
584169308576
584264005117
584169032665
584160239256
584264651878
584162164409
584165719408
584262348972
584269445865
584166288760
584166211745
584261883711
584268889297
584261819525
584169032632
584167107292
584267288363
584269509649
584263504573
584266178967
584166307407
584165677529
584167149541
584261013538
584168643069
584267864472
584166021641
584168544078
584169109147
584262792209
584164586326
584265502591
584269174221
584163992491
584268528791
584265100629
584166211737
584266003456
584164026501
584161502918
584260827447
584264728415
584160247760
584168190995
584262092319
584266436008
584161901636
584266707793
584262301785
584160409205
584266771102
584267713591
584269203985
584265100635
584166096941
584265457918
584267901014
584264208369
584268528788
584161530481
584262308082
584162140729
584168052437
584263161903
584168782779
584266178987
584265006868
584267912005
584268335072
584264308695
584267695866
584168271748
584264590169
584264121077
584263072265
584166242287
584166242298
584264451751
584269108632
584161605702
584262189109
584160057458
584263710018
584166729876
584164402248
584262102155
584264464464
584160606596
584261007951
584169807382
584163605530
584265034232
584265780232
584263437459
584166915302
584160981452
584165001225
584266532139
584267803109
584262624690
584164704396
584262200615
584166894017
584260103962
584165677572
584166215673
584165176340
584268504523
584262349949
584265059131
584269403082
584267901040
584162914081
584268702184
584164402223
584268299178
584164104778
584162709070
584260119583
584168767676
584166503928
584166503915
584261791021
584160608359
584262349812
584269183300
584269109302
584163503061
584260434638
584169032696
584267901017
584260477921
584162546858
584265760712
584263801874
584166242276
584169617914
584165673667
584164359028
584266687557
584165504983
584169308506
584166307490
584265034297
584264451724
584269782123
584167107286
584268883621
584161277304
584260282008
584268009487
584164704387
584264002247
584269450960
584160850886
584266312333
584167470178
584260271176
584165163437
584266003416
584164949926
584269134004
584263884614
584268673068
584260477945
584264651885
584162494081
584168153259
584160176748
584266188785
584261810706
584165802211
584266003451
584166381903
584163871082
584166238135
584265100618
584264124128
584266201175
584168643026
584264508364
584163583070
584167846538
584263107652
584167789286
584165574002
584167902450
584165677540
584264005124
584260282023
584168198476
584262505933
584161551830
584264870403
584266755611
584269183368
584264508324
584167470179
584164144255
584268700591
584162997069
584262211750
584263884605
584262200510
584167502221
584162213857
584261006475
584162546825
584269445846
584260667396
584262624685
584166307442
584168190913
584269509609
584267288301
584266188728
584162972905
584267892662
584268889213
584164301999
584265059114
584269752003
584269796652
584269151996
584161530428
584260672929
584165176346
584169105267
584266687543
584166073833
584260667301
584162997073
584265625317
584264665755
584268335028
584268299155
584164947889
584266711503
584264121007
584264451762
584260764062
584163087059
584166015465
584269403073
584163538691
584263107636
584267803170
584264528621
584160606724
584261883755
584165008896
584263795367
584169105260
584163921170
584161335541
584261708430
584167789234
584161530415
584164391231
584169617940
584160606521
584269796601
584266046215
584267973843
584160207230
584164681619
584166221204
584260764065
584166307488
584262505979
584168873605
584268956399
584166503950
584160833723
584167846549
584161065577
584165051454
584165169954
584269203924
584167125338
584166162716
584169703264
584263235528
584167147404
584262349970
584265772804
584168873678
584263774961
584165621500
584262349826
584165366047
584262624609
584166776491
584264293977
584166906672
584265778348
584261006464
584161026834
584268883688
584162907800
584268956346
584260820395
584160517531
584164359016
584160902019
584162035656
584169102310
584166307481
584163605595
584261305501
584169032649
584169065444
584260667395
584165677597
584263107691
584164106224
584266046252
584267624214
584166162269
584161029498
584264853682
584162510177
584267405318
584269786459
584264665789
584262787659
584167206992
584269176514
584162180907
584161277336
584263344630
584168767662
584261791096
584265436000
584269187552
584263710064
584263884635
584169807313
584169102340
584164681643
584264451785
584168598491
584169617968
584161570246
584267973892
584266312324
584160302211
584266532151
584262787639
584166894040
584265780275
584166815675
584264464490
584168812935
584265436079
584266064683
584167475186
584165163401
584267695833
584160057423
584168746947
584267624280
584162939276
584265100657
584261006479
584166815686
584164605352
584161026899
584269127467
584269151942
584166015474
584167902466
584261810721
584166307427
584168299870
584265198001
584262348984
584263884666
584164752958
584267687239
584263102575
584264665715
584268335020
584268673020
584267901059
584164947809
584167960848
584165488595
584260297270
584160057472
584168544060
584268798555
584260426698
584269403057
584265502523
584167781738
584165163487
584266532101
584260204902
584160176743
584267301190
584162939240
584166044883
584264651801
584264451754
584261708400
584262085850
584161886886
584168880699
584266644283
584262624683
584260523323
584165621534
584268054747
584265991868
584268889221
584162510107
584165673697
584260684992
584165166957
584164026592
584161968911
584267892677
584161029417
584167502244
584262964438
584169102353
584264208376
584264665707
584266707707
584162213870
584261708470
584163087076
584260820393
584166906645
584264590156
584261073391
584162213865
584260434624
584264829963
584169703280
584166073812
584262211768
584166015411
584160606708
584269870344
584261268600
584163605531
584265100604
584265502556
584169807371
584165621581
584266372901
584263795156
584169610322
584265006883
584263107688
584269315495
584162164490
584161277339
584261102425
584261874390
584269257714
584161683923
584269187593
584160833713
584166015464
584165719431
584269176584
584163087020
584268883673
584160593332
584166381966
584160207234
584269870306
584163829112
584166242264
584267574400
584266436072
584164320268
584260119597
584163434809
584167141619
584167183839
584160850890
584260477977
584269401615
584267405324
584165169940
584164681604
584165673646
584162907862
584269908233
584265625371
584160247733
584267405395
584160247754
584162035682
584160207200
584268700550
584261810704
584166073835
584160608387
584261268628
584161307560
584268504544
584161810137
584268335082
584267624294
584267912022
584162709011
584269315410
584167478804
584263795112
584262587272
584166015455
584166509409
584160593366
584269434753
584164160923
584261861822
584260119507
584268305501
584265100630
584163992496
584267624269
584265006815
584163871038
584268240223
584269134082
584268889201
584260603658
584265432213
584265443582
584164752947
584162575862
584163538642
584168198482
584264451765
584162907802
584166221274
584267820978
584166013993
584168299835
584267973829
584260220167
584160302216
584265991855
584266644222
584268528790