263773324898
263775701274
263775716801
263778399989
263778896036
263781952238
263780592429
263787258987
263773400480
263788456769
263773386969
263773631415
263774576174
263776964266
263785187830
263778792816
263783306678
263774122068
263783297247
263786303551
263780941021
263771318389
263788488108
263772602896
263782619214
263773324853
263780202546
263776554922
263787006078
263775033200
263774292097
263780507660
263774932761
263772450062
263782924326
263789800042
263777294277
263771606579
263784699452
263771077198
263771386822
263783375772
263774609486
263775701286
263777920324
263771163867
263778114985
263789467523
263781686649
263780758367
263777248912
263786594103
263774860424
263779827222
263777279773
263784149424
263789291595
263786722243
263778640105
263784651891
263773453515
263775740521
263788027449
263789804567
263780408960
263771016049
263777100406
263773394434
263776823698
263780127903
263779372248
263776067771
263775060361
263780102831
263779024956
263782920077
263781098660
263775722004
263780890149
263771698203
263782526172
263789664775
263782600194
263775394604
263787790776
263771496700
263787531922
263782316627
263773453586
263775083144
263783242774
263779940761
263787796229
263771949048
263780918542
263784321692
263772735768
263784761789
263776012730
263771606562
263773386952
263783533007
263780890106
263784127963
263784963858
263778857471
263778968351
263771949037
263771959991
263777029555
263782455882
263784127923
263773394473
263787796285
263783580310
263777705178
263782680920
263785755880
263785930616
263772718597
263787258950
263778399908
263787796276
263779341573
263775063256
263775716879
263778407102
263780592466
263772242076
263789276879
263776174951
263781989750
263774719882
263780984784
263780592434
263771883018
263773869023
263779737392
263782924393
263789664770
263778944989
263789087983
263774464888
263778640157
263775726374
263776358500
263771496757
263782600133
263779751202
263777033967
263781584971
263787716944
263787497817
263776088564
263772636039
263777852497
263786373939
263771916267
263783297211
263774896842
263774464886
263775852559
263776151197
263771688713
263771200622
263774458251
263771318392
263786821687
263784126006
263774669286
263787514179
263774292017
263774719868
263777372582
263789470094
263771016040
263774664299
263773161291
263771783609
263785820581
263774945904
263777279780
263784337063
263777565457
263784248722
263774651620
263781018522
263772983311
263787902002
263774458283
263773926374
263786995638
263773461490
263773810976
263782749481
263777738100
263788456732
263779751218
263772450040
263775190517
263788712929
263784699487
263779463992
263785694680
263771935071
263772781805
263771774337
263775462313
263777922459
263776012704
263786777469
263784305197
263778051423
263776110276
263783480540
263774262546
263780906197
263789355794
263789691720
263774248380
263777516295
263783242791
263775832953
263780271021
263783903427
263785607936
263783242732
263789536646
263772735762
263783784338
263787258993
263775701287
263783480515
263782380446
263780906168
263785235410
263789628478
263778835620
263787449643
263782873059
263781707319
263787950565
263777807769
263773658429
263780535470
263785694677
263787559944
263778282224
263783183263
263784701647
263780182876
263777565442
263789873229
263777807773
263774775832
263778944945
263782811408
263785126552
263782509054
263771386805
263776823611
263782724421
263774464829
263778370339
263780102520
263775740551
263785930664
263787485843
263780104698
263778944970
263780102574
263775296636
263786713279
263786713206
263779823199
263779991411
263778051489
263785383161
263774248348
263774726915
263777372557
263785908536
263772735715
263782306711
263771606515
263783790836
263777599020
263787932307
263782526154
263776230895
263778498779
263777705126
263771935054
263782910543
263787006029
263781686637
263773631499
263776012782
263779538427
263783306677
263781217724
263787562028
263774131781
263777812874
263787950574
263789355768
263777807713
263782902324
263771783693
263774458208
263778835670
263777174940
263780507662
263786934077
263784651868
263786373926
263785949679
263785694659
263774161728
263774651660
263780271005
263784280501
263775363418
263775386176
263773394457
263783387799
263782380431
263782950677
263773927543
263778846277
263771156115
263773461402
263787256796
263771166970
263783531759
263789355723
263771883010
263773926362
263779749973
263776823601
263771933255
263774118164
263785383170
263774261555
263774464843
263785820541
263782680969
263777528336
263784321661
263777038753
263774576111
263771200645
263785254693
263777807703
263781492979
263789291516
263785257103
263781695852
263780499475
263780890157
263786777449
263781994432
263771163804
263783292926
263780104607
263780408984
263780102504
263782600159
263777205546
263778944905
263772861024
263777803267
263786777462
263773461468
263789008400
263782749476
263776358563
263779538478
263772602876
263778303449
263771923781
263781569032
263778968380
263774945906
263771737335
263784210974
263773469354
263781695863
263779991447
263773386962
263781686640
263780408987
263779736863
263778399975
263771774386
263787902014
263780507649
263772670868
263780906198
263782910529
263787497885
263774261529
263773927550
263783531766
263777154543
263779372224
263788456752
263782306735
263782873024
263780817722
263785930600
263781189845
263787556867
263781994438
263778896021
263773631483
263782902336
263784432767
263775499658
263781189886
263789536661
263787665946
263784129537
263774006166
263775083186
263780827798
263786777436
263782417858
263771949075
263778399925
263777683712
263785307711
263788706458
263772874663
263788706496
263788027482
263772602823
263773421539
263775190555
263777231215
263782749451
263774292042
263780903379
263781707318
263786995614
263771933277
263772255952
263775083187
263783158122
263773324875
263786722217
263781584983
263778597777
263779523415
263789982184
263777154540
263772602866
263788688561
263780102803
263773855041
263776384211
263773421544
263780890155
263780210777
263774651699
263781584995
263777284278
263778835611
263780182875
263784361680
263778058281
263777170124
263776823665
263777599026
263777807753
263780941031
263773855059
263780797323
263776964265
263789476377
263774802808
263789050411
263782417884
263787646693
263781686647
263777516260
263784651835
263782680939
263773958885
263782316685
263775382539
263780221159
263774726930
263786682354
263778424658
263789761653
263783216579
263782600178
263789741687
263777100454
263779991490
263776929249
263789019634
263783580365
263785254695
263781695859
263772699961
263781492970
263780984752
263778407125
263784886862
263777738178
263785258413
263788706412
263779092307
263775382589
263784761786
263779372242
263781098620
263777170132
263782193709
263785330884
263778549064
263777248941
263774458245
263773469352
263779202697
263779749934
263787761883
263785067707
263778289717
263782724477
263780499452
263779827278
263787411974
263780979540
263774118182
263773394429
263779599389
263789355758
263771200620
263773400496
263783489737
263777807790
263773009063
263778640181
263776513296
263775386193
263782837946
263771166975
263774719808
263789873276
263774896854
263773400462
263771684647
263777038761
263772821094
263785254609
263789823843
263789982116
263777705108
263789476329
263788583392
263772699996
263773927579
263787932348
263782749475
263789476363
263774664224
263773009092
263785715440
263784854403
263786934070
263785383173
263789682341
263771774352
263772735749
263771606577
263789319368
263771923703
263787531944
263777683764
263783580338
263771684625
263771774322
263786373900
263772242071
263784366346
263787716937
263785258440
263786388574
263774228485
263778896033
263780463807
263771684659
263773927513
263784149451
263785330804
263787902013
263787378434
263778498720
263782724469
263774060588
263771959935
263780391741
263774495213
263789858378
263773206112
263771386866
263781952224
263772821050
263775033294
263776964206
263784701663
263771698243
263786286536
263777578185
263789982177
263780941063
263788706449
263773161280
263781263870
263780271069
263784963730
263786713296
263772874631
263771386848
263784701638
263783375768
263787485813
263782837951
263773526264
263782619254
263777599038
263784701681
263778114927
263785399591
263788712999
263787867589
263787950505
263772670874
263775296612
263777100440
263789392163
263787258947
263786594198
263771916258
263775083196
263781952239
263779024947
263786594189
263774609422
263784886895
263777154584
263780817703
263784651838
263774248354
263774694561
263771883092
263780592451
263774331672
263784321672
263785820570
263780928246
263777154554
263775060390
263778370316
263778399904
263787950533
263774726928
263775060300
263783588427
263775499674
263789628470
263775063269
263776635122
263776635145
263780184748
263787497887
263782306798
263778303456
263776088529
263774110668
263786821655
263787902000
263780104632
263787123099
263777294284
263785715497
263774719856
263780758398
263780592426
263777231289
263772699987
263780463865
263778303450
263775716848
263780816482
263775394652
263776336574
263780535413
263784305155
263774110666
263787123092
263783183288
263784210995
263774248308
263785257107
263782950604
263773394462
263787646645
263784723115
263777807739
263780102546
263785715412
263784701675
263783158141
263773386903
263774495238
263774715852
263772861026
263777872164
263779751243
263776110289
263775771355
263771386889
263771737315
263787411908
263773855079
263780928277
263774860499
263788688549
263775391853
263774932787
263778071524
263785383130
263787241668
263775033282
263780123760
263785067763
263786682382
263776012748
263787902034
263786934050
263785258427
263772390580
263775296682
263788712906
263783531755
263777626777
263774775804
263789628481
263775740576
263789581689
263774261522
263782306714
263771883055
263783533018
263773526283
263786594180
263773469318
263774802829
263784715242
263771754467
263782509000
263777516268
263772718599
263780685791
263778423213
263771808117
263777279771
263780928278
263787497893
263776240719
263784127913
263788157274
263776384210
263783531774
263779327102
263776367028
263788027496
263778051415
263788456771
263789276885
263780202582
263785383143
263771754465
263777738175
263786033607
263779102456
263788688527
263774842414
263777920305
263775063205
263777626767
263782724403
263779024931
263776110257
263776513227
263783790886
263774669212
263785694634
263787378497
263789392149
263783387781
263779463987
263782754008
263784699427
263789276807
263775391824
263777738121
263783790889
263776367032
263787867575
263783698966
263776358594
263786995654
263777009147
263776230878
263777248928
263774110625
263783292991
263771754485
263775394669
263787716994
263777578192
263774331669
263781018558
263777009171
263783292972
263782345962
263771949087
263773272301
263777700147
263775382566
263774839879
263771813320
263777297849
263774294909
263779045343
263777683706
263773272346
263774945917
263780592448
263777365087
263777906611
263776513212
263778051428
263778114918
263789982188
263789982176
263771916292
263775060320
263771783680
263787559921
263777906630
263779341561
263779024985
263784127975
263779202667
263786821623
263782380489
263782811447
263784321698
263783491966
263785257183
263771883006
263778423246
263778498709
263773421547
263772602892
263775852552
263771077128
263780979556
263774495241
263780210765
263774903734
263786995646
263773453546
263780463816
263789032637
263782924301
263789761686
263772242097
263785126529
263774694526
263779618646
263779538463
263784470395
263780797324
263772255935
263777872182
263783292925
263777528370
263789873278
263774775894
263783491909
263783480549
263776012701
263787028953
263784361667
263782680978
263776336508
263783491969
263775386123
263775740502
263773421556
263773623605
263785399505
263771933297
263776415439
263780391753
263783183271
263773386999
263780817742
263781994476
263774775808
263776554915
263773958876
263785949613
263776513216
263789319307
263778792887
263787241649
263784248761
263773958813
263777279787
263783698922
263780817769
263771386827
263780210745
263779827244
263779599327
263781144688
263780391712
263775462351
263783489733
263787796230
263778303462
263780123701
263784699409
263779991441
263783049584
263775296656
263776415479
263777279705
263772602818
263775771383
263784502773
263771916288
263783903479
263774261560
263782600179
263774495269
263780104621
263771698280
263783919502
263773526225
263783588462
263777920319
263780127973
263771077192
263784127909
263775033260
263784129524
263785820518
263778370385
263780221162
263785067719
263771496783
263789355779
263774842420
263780928262
263784366318
263783903425
263774361593
263787559917
263784674307
263784366352
263777100492
263787006067
263789291509
263785257140
263781695829
263787761895
263778389369
263774434619
263787902042
263787761862
263778835616
263782749404
263781189882
263777174917
263771006514
263775013745
263786033677
263789087999
263773324884
263771326429
263781144605
263784715212
263778370397
263775771380
263787256709
263781263888
263780221107
263773623646
263774669237
263775794873
263776012728
263776635121
263774262540
263774945965
263785067718
263775089801
263774664209
263782850572
263789962082
263776964261
263771737378
263788760960
263787932335
263776230863
263779327169
263771916243
263780827799
263771970689
263787716963
263778549014
263787646612
263787241626
263778846200
263787514147
263772735740
263785930698
263771606501
263786713234
263785424327
263775771309
263784502756
263781144619
263784337019
263783183248
263771923727
263779463930
263771688775
263774651626
263771318364
263779736801
263777922484
263787028985
263784214501
263779991458
263788488105
263773623622
263778968331
263778051400
263771935025
263778968357
263777372564
263777317600
263777683702
263777920338
263782724424
263780408944
263778058248
263772983338
263775701275
263775063264
263780408917
263784963744
263789319367
263777170173
263773453579
263777920373
263784305152
263774842410
263783987406
263789536639
263787716981
263786995621
263771813379
263784699428
263782306701
263789873212
263780184774
263772699904
263787258938
263787761878
263774261581
263787429840
263783903465
263787950589
263783790812
263775980768
263771698247
263775386131
263779024937
263777317618
263785694658
263783580372
263773461408
263774434688
263789276853
263777297879
263774903794
263780391774
263780685790
263782749421
263775190598
263771200643
263780210742
263774495283
263781994485
263776384216
263778944944
263784280552
263776110211
263775089825
263780600379
263776067702
263780979547
263777516214
263785067789
263785307766
263784432723
263789691728
263771808181
263774060541
263775033234
263775499633
263776012705
263789982163
263782417831
263780102815
263773658479
263788760916
263775089845
263789319341
263780104670
263788027412
263771200675
263771432750
263771077139
263777231202
263776367048
263774361582
263778944906
263771386842
263778303414
263771679039
263778640141
263774715838
263787258978
263784963874
263777599085
263777738113
263771496737
263784699456
263787761805
263780202569
263787531927
263782306719
263775740532
263772699912
263775794855
263789032602
263786373943
263779024960
263779092322
263774434669
263777279725
263783533096
263789019651
263785126597
263776249828
263782380456
263785307734
263774248386
263775386162
263785669666
263776929270
263781994413
263786979742
263773386991
263782600198
263780941058
263786858627
263789761661
263777565437
263785607901
263785381534
263780463808
263785715456
263779045362
263788000852
263771935034
263774161755
263782910563
263775394649
263778832811
263779463980
263771606528
263775716841
263782455881
263777516275
263779121179
263779121181
263786472524
263777578105
263789050468
263782837995
263782749414
263774945961
263771679030
263777922491
263774839849
263787048998
263780499478
263784079584
263785715414
263789087914
263782873074
263783903444
263782924358
263781695860
263771077112
263774131745
263783216537
263779737375
263776012763
263784337020
263782924396
263780979594
263779327171
263774161703
263780979558
263771970682
263771754466
263780890173
263774860441
263777852408
263771783602
263789682327
263773869000
263778071536
263771970698
263782600180
263778968313
263781492982
263771970611
263774248336
263789050491
263785947537
263785330810
263771077138
263781217740
263774294942
263781989721
263787497876
263779991421
263772983356
263789457605
263774896841
263787258972
263778051459
263789008453
263779523428
263774802854
263772450099
263777738125
263779523484
263789761647
263771774334
263774434678
263786594113
263780535465
263773958884
263777033992
263780828459
263788157292
263777205533
263773461434
263771496798
263771432772
263772636014
263786286595
263787514166
263775089840
263771783667
263773623696
263774248337
263773161234
263780123785
263785383190
263778071505
263774161743
263782680911
263789319309
263782754059
263783790833
263784214596
263785579716
263774669238
263776240770
263787256782
263776635155
263784126031
263779202604
263789087993
263778640179
263789050456
263783588481
263774609412
263774006129
263780507692
263777248988
263784361658
263780132647
263771156167
263778051436
263782950699
263774161790
263789873289
263774110612
263781018577
263781469143
263774719812
263776929220
263778597710
263789019609
263772407521
263787555313
263774060508
263780221124
263778549025
263785949620
263773009076
263771754429
263774669289
263784280548
263782416771
263784854413
263787048912
263789664772
263776012786
263774161765
263787555300
263787559931
263782902372
263777248994
263783297244
263780928211
263777812879
263784214547
263777599061
263778549010
263782509034
263776929291
263785607927
263776929282
263787796236
263778370325
263771737361
263772242045
263775296659
263786346258
263774118188
263780903332
263774361599
263786033617
263785307781
263777612989
263771163853
263775878758
263786303505
263771813346
263782680904
263782407666
263782924385
263781569099
263783580354
263784214515
263784127979
263780221146
263781098687
263771933228
263787514177
263777852450
263780184708
263774932781
263771933222
263774664213
263772255945
263771318300
263778407108
263778282268
263773526216
263783919507
263781134945
263787048923
263780221135
263780941083
263783049586
263776249884
263780221182
263780499458
263782902380
263776336558
263773469381
263785579743
263779340563
263785424344
263789355701
263777317647
263777803236
263774131712
263779599301
263776151101
263774110606
263780463826
263777599029
263772636034
263778370351
263773324844
263783531798
263779463903
263774576103
263778835661
263781263840
263783588457
263785694643
263779644305
263787256714
263772255966
263787497812
263784432752
263774292032
263774292015
263778549028
263780685785
263782619207
263781018538
263778423216
263774110684
263789741664
263779751232
263784126075
263789008477
263789982117
263787932356
263774303847
263782902319
263784079596
263776249840
263774202660
263780906153
263785755838
263783698911
263780828468
263789536689
263771496788
263788688545
263781952264
263774576184
263782417872
263780535455
263779618667
263785947541
263782416792
263774161733
263787241623
263772874635
263787449603
263774694595
263784715216
263775499652
263777100430
263775701271
263773469355
263782950653
263771077120
263784280561
263785381551
263779102421
263782193733
263783919593
263778574295
263778282289
263784470315
263771166954
263773926312
263780507637
263777700188
263772781897
263775089817
263786821663
263772861054
263785383117
263780102530
263789457622
263779523422
263787006001
263774131738
263782910562
263784854464
263774434644
263787716912
263779238249
263777738170
263779991497
263778389384
263785399574
263780463881
263780592471
263775771379
263772874680
263787258960
263781952242
263787241664
263787559979
263772718501
263789019692
263773869049
263785755820
263772242048
263786346213
263778423232
263779121180
263776367015
263787449652
263784651883
263773206170
263782417835
263789858362
263783216570
263785126520
263782193755
263779736883
263778289738
263774896892
263786472507
263771783670
263774292010
263786979712
263777565432
263780797338
263782619224
263784854484
263777205500
263783491996
263783489777
263784079504
263777170177
263777317698
263779749950
263782619223
263781569018
263780685720
263784761756
263782754096
263771698246
263774903706
263789355709
263771774375
263789858342
263781217794
263779751297
263778114920
263774669210
263773324896
263778549029
263771166956
263774903707
263771754468
263775701263
263783375734
263773958834
263789962052
263781686607
263784502717
263782416752
263781217762
263780202568
263781695813
263783297252
263787761844
263785947571
263773324808
263777812852
263786995688
263788027472
263775296652
263774860487
263780102859
263774860403
263780941046
263781144604
263771933282
263778389361
263778423268
263786979767
263775499622
263774842426
263773869066
263776823622
263773394469
263782902365
263778792802
263789804525
263778944985
263785424397
263773009014
263787646647
263777009193
263777922428
263785330808
263780758380
263778832861
263773869078
263787761890
263777205579
263775771305
263786346278
263784337039
263776358578
263771935035
263772242013
263776174976
263784305103
263777599090
263773658473
263775701208
263774228416
263772983363
263776929213
263773421568
263777297872
263778424610
263777154508
263785254634
263789664739
263780918570
263776823641
263778968369
263785949684
263774228449
263784248779
263787932338
263789457689
263776929204
263784248716
263777626720
263772602853
263788706498
263783533076
263777038730
263771606538
263787867546
263778370367
263781707312
263771143870
263775794806
263787028983
263787411944
263789682371
263771016007
263779327167
263778896096
263786722257
263788712958
263784280596
263781695828
263771783634
263776367080
263779751255
263777350307
263775296670
263777599089
263782850596
263782619202
263776367027
263776174949
263773658492
263783531711
263771813327
263772781822
263774860417
263788000877
263789581614
263782950636
263771326412
263773926351
263784280568
263777248929
263786777475
263785254673
263771970650
263781707375
263780918538
263782455826
263784366334
263771933218
263777906608
263781018508
263785669686
263782754076
263785258433
263776384260
263785258421
263789050434
263777205573
263783306657
263774609463
263772874682
263779599343
263777038747
263774737192
263786033652
263772861083
263782754085
263771698200
263780127962
263771933213
263780184707
263775878766
263773869058
263779737313
263777528305
263785424329
263778792892
263785669652
263775363455
263776367070
263788558647
263777528302
263775363479
263776554941
263786560740
263787790770
263789392142
263784715238
263774131730
263774726968
263775391825
263772699974
263788488107
263787562060
263788000866
263785820501
263779737397
263789682352
263776415405
263775060363
263777683725
263779751235
263783183268
263774261583
263771916271
263778896022
263771774373
263777350379
263788488148
263785067743
263785669677
263777100401
263775296662
263786472509
263789276834
263776230827
263774228456
263789291542
263774945941
263777626793
263787761825
263780903337
263776249829
263775499631
263779749962
263789291521
263782811479
263774006117
263777626794
263789392133
263775980771
263787646676
263783375706
263784159953
263773810938
263774294915
263775296602
263776635153
263786286565
263780816444
263784886897
263780123796
263787497838
263775722029
263773161284
263783480539
263782910550
263777284275
263780828493
263774458292
263773237257
263784079516
263784337030
263780202558
263777365056
263774006153
263773623664
263787646626
263782345968
263771737350
263775852545
263785669690
263782837994
263786777407
263785307793
263772735725
263778936966
263786560707
263771808130
263783580371
263789741626
263777317607
263778071570
263779341513
263784470364
263778832813
263782920042
263787429820
263779024910
263781217782
263786777457
263785669699
263781584913
263777174914
263784126077
263774726925
263777578144
263779599322
263789741609
263789467597
263777612966
263784079515
263777009159
263776088523
263784651817
263780797354
263782950606
263789962086
263785424349
263771684692
263785908520
263779618699
263779991481
263773272374
263789804508
263775852515
263776964211
263771923714
263778498769
263788558670
263780600327
263778549017
263785947530
263789682323
263778399967
263771970656
263774161702
263771949030
263775701242
263786995647
263772450063
263771808177
263777922413
263785383185
263779121162
263773394423
263771688747
263780102865
263771923739
263780984798
263786995660
263775382503
263777029527
263780941037
263787646684
263773394452
263771163891
263774202688
263774839817
263787555331
263779238246
263786682330
263778549007
263779372253
263789664752
263782306707
263782754088
263783306668
263779991469
263776067750
263784149430
263780184742
263779823186
263789823894
263772781860
263789962038
263785307784
263773927586
263774609477
263782416778
263782950646
263775190531
263774393293
263788583358
263781098696
263774775814
263774262536
263776929250
263771432766
263785607983
263787796272
263784214531
263775382522
263775060316
263787555376
263783158186
263774202605
263781134980
263774393226
263784470309
263779045337
263789682303
263777033986
263772636054
263778936924
263772390541
263773469306
263777038787
263773810934
263777365014
263789536625
263783480581
263784963716
263785187838
263772670890
263772602889
263777738137
263779463913
263781695884
263775083181
263788702526
263789761669
263776240757
263787123033
263789467550
263777565471
263782680933
263778114901
263771077182
263776384215
263776151184
263783480534
263775726384
263773855012
263777284267
263777174932
263777516213
263784723131
263775190554
263781707325
263778792823
263777100458
263771935089
263786388519
263771326487
263789804579
263785424374
263780890136
263784210972
263774669213
263777807700
263777852441
263784280583
263771808102
263784337062
263775033250
263773526203
263782509049
263777294220
263789050499
263784701654
263773927541
263780685716
263771606570
263777922456
263777738198